7275336
419450
980745
4793752
1189093
1544050
3972923
7348906
4912732
7433029
4370254
4013022
8101114
1504361
4414625
3182878
5487568
8715243
8722969
56749
9363678
6648250
8447823
3870228
8060401
368435
5535650
5587988
2114564
366190
6572189
8765583
4047996
9969995
6590267
129193
154102
6038729
1078599
4829383
4119545
5769832
1383894
2833212
8007147
9308530
402617
4101329
2403375
4649113
2224264
7682824
9505625
6908092
2150180
7183120
9457461
5964039
8248692
5967064
2814389
1737029
8347291
9083018
2944468
7697885
7377329
3253882
3380330
5956031
9814429
1610766
6297403
1030857
5095194
8959206
9443540
3225375
8703244
8890238
9163526
6088809
9542522
686907
4089422
884259
8524560
8414850
1382222
9763515
4278047
3668304
6307008
2242734
4265478
5394040
7360999
6259477
9702790
1419638
3749558
6479695
1998357
9002756
2710198
8534971
6351467
8400216
1598532
826934
6563082
2722900
1973481
1542552
9051375
7998699
3023056
245503
174842
1026849
9024241
4588643
1039828
3567301
2098614
7196442
1263974
2930491
8822917
2482330
7705447
1665467
9275448
6435189
156509
3005489
6221755
6667627
5476059
9222958
9368841
2826875
8100200
8228183
6783494
9455521
9171791
3044436
9524739
5867405
3604670
3114379
9953691
9653929
5025524
3724892
2991660
8975274
7832686
950619
7738700
34876
6159014
8541817
1687618
946739
7800336
3437297
3315261
5379758
2539550
6783488
6708463
9071264
3817365
2123394
3003251
5600163
8451489
3790581
5143783
6562279
2978838
3989896
9813498
7754570
1894423
7698440
4754296
380926
4356546
8099062
6245977
1238825
8449688
4398604
2325358
8042860
5279835
539149
1339642
9372906
868403
1825441
112401
4576066
7806255
7813919
3080045
7282513
3994814
1342
8097686
954824
5063652
6713144
9969957
4691286
8144480
3847364
2623989
5456109
2086442
4755165
9075384
6262185
9335222
7107295
9980354
9314270
462495
9722232
7099241
8804530
7855140
926055
8962133
4129969
652322
7883766
8568180
7636013
2919158
8544508
9691991
9848597
3356933
5158646
5767652
7000745
8838021
1628913
2133086
5324202
7014746
6192075
3274523
639012
3662052
3024213
9921875
2064979
7633186
1280175
1313712
9092396
5291232
7896037
4502803
772512
6457167
5838305
9115153
4293759
2510574
4864944
3131209
8327954
6161511
806707
3067428
7851016
8403554
8780753
6131111
3024639
8150537
1064121
3100878
9716394
2028523
7511005
4181029
2974106
6496137
6981231
3819971
3373203
5600209
6058425
4465838
6025990
3799649
3856077
2024642
4764306
1489407
3044621
1299972
7074644
5211964
6828621
871197
9467932
6338433
9664143
8538220
6738151
412875
3894728
5326295
9490087
4143884
9385374
5690890
8953474
4544083
4556515
9998138
6763018
767094
7879301
3213818
6321471
2953269
7387928
2339675
768172
8683707
2755495
155896
6213226
6678011
4771415
5001704
666811
6956324
6132630
9780522
137621
9118602
3038937
8925144
5022440
882642
8400288
7977493
4591016
1865849
3265289
2888692
5572545
8283948
157860
6329140
5814531
7140336
5071591
1421046
6728798
9599715
4697205
1585611
8183982
4467523
9108754
3470371
8611446
2091910
1482069
3006438
311393
7622612
181413
1507381
8626568
5244185
6975108
2230904
9108064
2037711
4665632
1115027
13074
2290806
8121443
6096726
2020158
3767101
2487474
3407390
4841901
908802
9121665
1976589
2485241
7637442
4818002
7184103
1328336
4777696
3219300
7022899
884649
7947028
3630585
6097145
7989308
4995632
5155997
6917516
6047389
1315824
5135873
8529488
3035320
8860845
9571211
5074176
5411564
2618832
5246177
997679
6613445
661557
2262825
7007623
7091416
9147964
5387852
4131611
4348081
5543653
4793505
4044187
9394247
3251212
419712
7244906
9137358
7835104
1973987
6190259
423111
5771306
4418583
7430666
2238171
4718028
7341855
6810251
7017239
4408051
4350312
8094966
2979684
2160968
6077348
5265179
3001053
9439987
6581315
8927408
4451263
2404275
6061700
167430
9257160
4286171
1932320
1821526
8118090
1964213
15491
5977477
3117186
6557905
8861026
3869284
2294745
5838249
8731180
8194436
7866863
1743103
7277299
4880199
6935253
5908174
8383137
6124814
7173250
3305106
4971108
8306933
7560776
3441625
4245968
2302140
8124335
3192229
8421916
5925127
8917935
2959038
88058
4416194
108371
6307400
8140187
464724
6156901
6477528
3343174
9662280
5893165
614296
7667329
1315174
6656849
6151570
6078226
3223030
407139
1705586
9603541
1139611
8066861
5968546
258958
4251107
2239570
4915812
2366269
5077198
9987342
2919837
8612702
8630473
404286
5124577
8278995
7533506
4276199
1976642
7680550
866535
4518479
7423311
5711292
3508268
3099169
3423985
6258011
647359
313780
8667944
8499641
2439145
7044438
5429449
8260713
4574669
1105350
8670256
6546964
3371904
1220289
4908882
2270246
7243154
3708174
7242347
1223135
5853983
4844959
610183
1791072
7297570
9749263
3351454
9490675
9898359
5629128
9417943
4332695
1898107
5356299
2038780
22476
9871796
1369159
1898148
9588851
5184856
9121240
4622185
9595689
6766466
6670318
7503329
7390192
8560737
2189746
5198878
9112238
4084614
4642413
6970202
4485721
3873124
5674197
22419
8669448
8413127
1302088
8459572
8937113
3251445
4425468
902988
4813757
983729
7979077
2602389
6734065
978900
8146536
7259193
7787040
8645039
6570508
3722624
5774096
881232
9540324
4178068
6392869
2967452
6719624
515324
7154777
5394492
632484
6037776
7943157
1303947
7767227
8763196
4956987
4392735
1683323
5220576
880826
7298336
6018429
1840613
4315381
139978
5380406
394026
6334777
9872677
4227446
5366114
5630414
3645647
5208243
2435972
7501919
8994656
9502944
3750044
9666568
4349961
7896941
9516633
7343961
5919038
2173694
6828414
865010
809541
6291026
8009119
8240048
8760255
9162175
2056317
3626877
2767056
7520976
2584621
8864032
5773577
6935929
1440074
5478361
4718505
1390613
5757445
1449338
6243839
2558014
8440017
2698550
2314530
1030178
2692885
1735639
8040166
9507738
8152846
2332814
6649323
2100859
5213682
2124638
9769743
8087353
2546053
2238359
9612858
6238502
842895
8157443
1598176
8291427
6520384
7287378
7671495
5930929
618878
5714027
716158
9344078
693794
5934351
9458461
7281386
3490682
4907951
4768511
2696286
1803631
3144291
8558667
3645082
3711543
7882267
5794330
7201807
2769373
7146445
8927797
8654762
4752918
8019553
5789005
463812
4074208
402097
5776703
2078120
7529208
9259659
4476656
3954892
213952
9290156
6534944
4463460
9632347
669640
7518679
3076775
8673464
2401290
8119843
2515218
6821091
4516295
7482058
1888310
5274311
442773
5907199
916990
9472245
4248006
165953
8659903
3111682
4189243
1453226
4344634
9416222
5911435
533741
4761686
1502055
7095619
9416378
2843915
1297527
7975401
113530
5028030
5416529
1382050
2069041
9333909
4012546
4066918
3373177
9446478
9696960
1770321
1559869
588468
6423441
1111520
5005676
8538329
4112428
1193744
4418860
8771009
3402486
6238431
5114595
1782914
1499840
5698367
6134016
2739572
2957033
5716987
8416716
3694938
2227596
6671644
2328960
6306908
4489284
621112
28709
6654841
2721510
2910044
4660216
514889
2632262
2037810
3607173
8633558
5184194
7553489
8331906
3966773
6575494
5025903
6604142
3518302
6121204
3778524
9265382
3374786
2626487
2756023
1197831
6761994
1482231
7201863
1746259
6533282
299583
5280527
5228066
6304385
6306386
9722961
3561917
1210284
2873149
5062670
1242660
8567056
1512144
7259321
3418697
679833
5075196
8526477
8646926
1630944
7789004
9776346
5426501
8673434
1404368
2737685
8199153
3385628
177393
271196
5654868
378944
1580468
9818961
7645852
2645789
8996588
4459353
498137
2472601
9297706
6167438
2554742
6263926
662486
4693283
898746
6287945
9407607
6993259
6637535
7080516
5193390
9234594
2969588
2795363
9595855
9243844
1904160
9951243
3759215
3755752
2893290
4522300
3972685
4488477
1029046
4961057
9246470
6967253
599253
6632913
3481785
8357925
251534
9729665
135808
4109136
3019987
4822884
7705511
6980495
9154939
5295372
1235162
5618495
9074639
5010991
3052707
6456999
1260514
9933005
9444411
2321579
9572340
618505
6304793
1306425
2503209
5808110
2272972
4077337
6112681
419152
7425632
1713709
4392815
6163178
7925404
207917
7480926
8482795
1088940
9803420
6382654
9120980
3053981
2514062
1882817
2446603
3570940
103273
2250715
6688376
4075492
8405041
6547359
4517904
9377761
1313709
8307234
6868843
5666716
7392619
6570105
1403435
3660346
8431046
6841751
7845641
694226
6230438
5739660
6537948
8978745
6912026
4523271
8209613
4039866
8295943
7348808
8103095
2175025
1051602
5574885
9406741
9608098
1279844
6615985
4798722
8759794
6285755
767684
8282389
896102
5199024
6268789
2772646
2985866
7605003
2776637
9291586
7950096
1323133
8978098
5821602
1243152
7268316
2442313
974314
350843
8442285
9123327
7182980
5544012
6985250
9378797
4097007
7798347
6017596
1710350
6844157
342602
486544
4090113
39921
4822686
4523138
8166912
2389474
756561
3758575
6776409
8764126
6649450
6394156
1780494
6398551
4658231
1207462
1292539
1895111
7872820
9362693
410442
5408991
2367401
501102
1304541
759335
2596476
7883397
1766614
3457796
8164213
3940318
6370510
7567771
8005257
6701006
3960855
1087083
4831080
4245670
84123
1054561
6091980
7150018
924217
8649326
3448160
515889
2275070
4120686
4053724
1290273
6830058
2288227
6264275
6055953
4625266
7441331
6748865
7882130
7410659
9496108
6257948
8219277
20179
1334966
3649576
1084529
1337910
4748966
9183471
7665648
5534161
30130
7294486
3303659
2145881
3365158
2131350
6500823
9261043
2217668
5947493
8200369
8342178
7461604
5257689
2485533
8788747
2033991
198763
495330
9334098
9187391
5557299
775042
3369962
7771514
2637373
8761129
2699194
1616905
4325230
1405290
9490645
3965779
2149209
7320997
1181017
9023703
7893192
1680770
1108147
6811418
5560075
925757
7046086
1791872
8663873
6212429
8744738
8526954
1940912
8109853
5191915
2002523
4621739
1810945
6111618
994996
4757565
3773677
3308546
7251275
5208863
7755154
2976075
9637691
7974800
1256832
5838149
6939955
6985871
3547476
2491997
6365581
1397488
3433272
7134597
2338984
8484781
4641923
3526475
6249877
7173771
3482964
7901225
1152665
7645958
7225575
6760728
5660701
4622057
4507194
3934904
7113835
8949611
3539508
5291416
3549065
4140762
4893232
1673209
1648956
6245291
8241318
205292
9315289
6508811
3186936
594373
9620810
4130298
7973247
8697848
5535803
9161233
8888674
2958927
9984685
346234
1025899
6468184
6257313
4604786
7730756
3262349
9528444
4461851
5475479
7102597
4129232
6291861
5151343
6026704
2059602
6419971
5979123
5306684
1812890
4066182
1457400
5541952
5847174
9320338
745811
3524805
8896113
22397
7971995
9734629
6266060
4618138
755596
6725581
2144813
5771308
3021309
3847640
4138137
7660934
6382707
2941631
1544108
394242
6997231
2252639
3775660
4150684
9862345
5491023
1409921
1004656
3745077
2176803
3659248
3327965
4883121
4966846
6090732
3477820
2310970
5530228
8048391
8128081
8339906
7297714
4767315
1610231
8164533
5231013
7228038
3420002
3483983
4906779
5351321
6533854
9183310
8058007
8309640
922220
3388122
1553545
7858287
9483485
9067185
7241598
9065231
9528412
9440332
4677918
5700970
7533146
6403140
731764
2814565
9846755
5252768
3795044
6623085
3292831
3290252
7955023
1511593
5182621
9465930
8303804
825769
1577469
1489007
8162231
6757628
1673369
8099781
8694466
8678324
2933757
2731441
2208034
3130655
2632413
3559473
8605242
5158635
9915121
5584053
9919765
4691184
2808546
7862866
2521123
2448020
5087840
8147750
5956632
9711465
8783988
4223433
8208322
554645
9381102
6344923
2463785
4894525
1669598
1031999
5457313
1991696
6174941
1239756
9300767
6983723
6775953
1439962
7716678
5998455
2323813
5653460
4247858
7915428
7511057
1751781
8346305
7653307
7182840
8573
999995
9114795
2443769
7703912
7918905
7335721
3081499
6831700
630394
589695
5786951
7400388
6210544
8736210
7956783
1786484
5718654
1286831
8950680
4356453
2738663
8400456
5570321
3293654
4556832
873653
7401572
1512685
6020515
6821993
6525685
3419078
3306258
5590531
4899909
8169747
6223855
7907445
6598178
1858478
8893915
588005
9486393
9162135
2873748
6685412
6747432
7316252
6274313
9764916
4614053
8272386
1396923
5302988
2152316
3986441
3961783
3060376
888554
5590903
8085560
925941
7750498
4579150
8586559
4001417
4966650
3354007
9212921
8812282
3937223
7811992
5934819
9591889
5854894
5224555
4503273
2656586
646711
4342744
9974906
7265381
177493
3262357
7468264
1755954
3772659
3824611
854445
3849890
3534095
3098460
1415884
7065230
3645038
3286711
3255169
173314
5018718
9068942
15779
5006700
9340726
720886
7911142
9924452
1988277
2285442
8434902
3995103
9985425
4850433
9820539
7533100
8673191
9008485
1717210
8822149
8671911
9552151
2623085
818362
4025036
7415495
3376434
9684472
131840
1561670
407620
4132723
4914817
2789714
9233819
6449256
611893
6932810
3231606
3239939
1238194
736054
5722727
1415252
399777
3640077
2737110
9233643
2670233
5099272
3063767
3614184
4112691
9044773
2449874
3913325
6862657
9057221
837263
5367936
543425
1394481
3621758
5817836
2374204
7757708
3994229
7988854
4005684
3824929
6395922
3350868
1322564
3702769
9267710
7681747
9746100
5557990
3571705
9241667
5901576
206161
7401153
3732403
9114116
6928243
1848898
5614475
5402327
9680488
4812570
3491808
6780009
458760
968887
3770556
6617349
3062135
771772
4330670
1399802
441132
2461248
5527304
5241294
503319
3543725
7899769
8404267
5278623
988640
1909613
5152923
6460031
668156
9459662
6618651
1849608
7548777
1049402
9438210
6604159
7718337
2598958
1746461
6565471
4717493
7598680
4905225
2274075
1123819
5561159
5454118
1147962
3182857
8461526
2855722
3342451
8021112
500802
3306163
2814604
6893402
3166263
4352908
9770841
9373643
389910
8354663
6166617
45346
7970407
3113324
5314618
6064126
1174663
5453259
3516089
7420394
4245207
8456100
9239701
9857114
4457318
2632795
7789820
6829256
2185485
5852247
3326699
7272758
9640871
647770
8009763
1088530
9460826
5910367
7714748
7842570
1544823
234684
4166789
438618
7351498
1021736
688536
3907551
1954895
9916205
3752925
104810
76951
9518749
8385381
8008633
4824106
4435096
6098396
8519163
2398002
2259733
8219682
6207844
1294257
2593440
2191474
8763107
3892908
1544822
3226597
1416628
7523107
5040657
7989718
2876831
4033297
6174592
4122415
8427175
3617413
9245521
6123462
9904020
8996712
2887217
8138934
7639012
8761841
7522080
4249866
3063383
4445164
976409
8052774
7582501
6776537
6598988
6044680
6533223
9113530
5374273
2256525
5310077
555946
8811055
6002297
8404926
7925403
4177640
7903830
6316843
7559183
8515040
2059986
1571739
463626
3041724
5239978
2190158
8907965
5569580
3707166
5383903
4321979
8079532
3169436
2843358
7328043
9529620
7985721
9137697
4921668
8642613
773382
3466178
1763653
7708946
4246355
8438500
3537441
9846054
6966379
3042504
7219492
5384214
6300867
5005401
742050
6185987
9232980
9781388
4333949
2538310
5925452
6382075
9220741
1231194
832547
7273705
1360900
8053041
9220924
7726312
5476333
6163402
7252666
8621384
3132605
8841256
310041
2948126
4528488
4580565
5025569
3606542
5569620
1639471
5317010
107487
4339552
4567323
8046065
5552338
7281987
7273751
2103573
3162565
1782455
1057315
4445025
9398992
4482706
913023
7492485
4314298
9945861
2165783
9663460
5513637
9445223
9176937
826051
1155790
6141108
8012975
4564622
5784033
6238784
772719
1892345
6277054
831368
3801357
8856508
9207711
3927055
3588395
918994
2043823
6288084
4207708
39341
6630559
8959336
453549
3134898
186084
2849645
9194817
9262606
1842767
6003916
4265758
8795625
3953480
1376284
2875472
1952645
3268949
4070327
8411332
250337
9270133
6775079
8980500
6992913
7213394
9140168
4839563
1116756
5495850
4254171
7326986
1235862
9104232
2874677
9540216
2202366
858463
360860
4186366
8419143
7762359
3026428
4371974
7318363
1799972
1642217
4160623
6507562
1715967
6868445
6469818
4553404
2930313
2157173
5705131
6683892
9561340
1949649
6309530
7786336
1459817
9520458
6700463
8576888
8891213
2969622
6431499
5135827
1616449
8083085
5852366
8303052
3926829
9790606
3750104
2634809
1736586
2601563
1173921
9569040
9159645
5677551
1838352
8957603
5246616
8007544
5427445
6216873
208922
395620
2140985
2285353
6399470
1320800
8306236
1354926
7809630
2283495
3215676
4315949
416090
4945895
4167213
8785153
4994509
2357967
1703936
6409600
7468362
8473295
8249496
4813448
822865
8980926
2550383
246112
5044813
8252356
6140302
1351650
6374380
5297713
6099237
6386790
1299619
7477793
2090854
8025074
4729503
5757989
4847058
3757507
9359026
4472854
5363653
7766086
9467384
4490453
5093091
9049507
3372947
1499745
5988045
7130882
7060612
8588473
9661353
4308583
8280932
6490836
7190253
7605183
2127664
9260418
1897037
9205442
2407340
3854065
3011045
3188262
7253656
4994017
6128486
6128150
2576916
1140739
5812800
452738
5225591
8848952
8112362
1113754
6113413
2436824
5989063
8627257
1813606
4702450
8869563
1754876
6346907
7598258
496994
9499627
4052656
3783673
176061
3563228
4605432
6786621
4471723
949115
5628228
4430618
8308259
4887144
6781782
6909091
1030287
5426156
4042681
2175127
4306796
2570936
5311494
298867
8651364
5006118
4977907
6904633
3707801
9447194
6945640
9782359
8163241
3276278
8123192
6494005
5237410
6405223
471212
7315356
4627817
1769659
1984056
2168185
9420743
5207091
8743717
7529830
9766833
224171
9597708
345596
4650461
838348
4725405
5108009
7325679
2329528
6379148
6995474
4329315
5463953
4332257
7065706
3037722
1704186
4385100
1095739
6538425
2372565
7482691
7741452
1081798
6365641
8255193
5897029
1861404
2077866
3095804
3391957
7124582
2680117
6751393
2625201
5464600
1463541
6950405
2207854
5341756
8269645
8249249
707442
6787166
4433236
1323761
5159358
7637546
9709966
9286044
9369609
9340761
4046938
7861676
4992698
7293733
1100405
696325
4590326
7664326
7061180
9209421
1113874
8721284
4282136
682100
4659780
3815976
9851816
1971001
6584829
726284
4557021
2525552
7537764
5154868
8894788
178196
7532
9444443
7734992
4637500
1807009
7736251
8803759
5660144
4053064
373044
3040837
6110485
3474729
5007820
4873025
1747205
8804629
3126534
7631226
7213159
141243
615736
8075514
5926251
6707766
6641827
7353045
5156314
4558860
7007995
3345257
9930842
7904778
2249995
5803864
635180
6420213
4622847
9021648
3738177
8816113
6333819
9326288
6273344
9741165
2583497
9503438
8629400
5108101
637265
1556542
3379888
6351327
5768285
8608786
8308380
4419057
5071418
5105666
9665415
8939957
6055718
4760945
1491459
9886773
4392509
9111150
9972446
2517704
563768
3485189
188531
6821924
1985831
411377
6046134
1585460
7144945
8544882
915750
4169879
9502425
4815855
3737651
8065699
5588614
9887759
9349460
115140
9079666
3632098
672430
3298100
129126
4225654
4684867
9698328
6102845
7446286
7190535
4112201
2083733
5152679
8522098
9065272
1730854
9827186
7320388
7859393
6694430
4943336
3284540
1863465
1268854
4566602
5303863
8566789
5971590
652755
3391140
3964828
7435369
1775914
4886519
6175204
3407961
9123975
5365240
3498709
4974407
5265168
5003225
4985309
1604134
4337048
2133721
7529383
4661014
6216423
4505928
2268982
7242499
658633
9299789
9743466
7719515
6677321
8906809
5298310
4187848
271529
4186677
481854
6141215
206176
4343121
7015451
916320
2613181
214282
5805159
480600
6696002
5813119
1037181
5756622
383263
686572
9800924
32029
4603919
9596156
8140857
6719250
9828959
7205324
9976066
6328559
3219168
7863997
6598046
3272795
8659117
2691996
6366079
5779923
9813532
7644430
3248986
7630128
4456733
424542
5907789
9987630
6930168
5867905
9530287
3236879
5597281
9675441
1344944
1950828
744537
9526986
8628494
2726268
3312070
4609806
8758180
8039263
9445340
9300882
5478620
8773873
7325882
5988891
5182791
3927120
7179413
3987423
1869264
2825159
3587464
2318824
7845485
953675
5787288
5543430
2413623
5926951
6340469
7689786
6987598
1276187
3979100
2617150
1474439
2270568
9088214
9388075
1120024
1411043
4105041
2243482
9792491
4326361
4806474
2037735
9998024
7614533
2453883
7559912
7760949
952590
9052427
2745565
715690
2255130
4281179
7041868
2172821
8466150
3387064
2148293
1570059
1679696
8695833
951326
1953769
8815275
817976
4547173
2946171
7768132
6737543
9209725
7392958
4255904
6127720
2563694
318135
5449767
8473430
224587
5806358
479234
5573197
3733646
6914571
4012380
7187218
4003952
7663917
3916314
4167647
9034945
4193669
9427189
5389650
4034208
3966095
4368194
3058379
8357116
1245565
3454155
4706192
9350038
378463
8299203
3522964
3698013
2147406
3522831
9620592
5812794
4149054
9078020
360273
2600866
3391520
171133
6047187
4120092
8584160
6730686
1831583
7331468
7355889
8586435
7674004
2243716
9710029
3599906
8926699
6468081
1517086
6296746
8890863
2550452
6416065
7159682
7654771
4066876
6945139
1025392
1546065
5546816
984443
6043980
8381381
8830581
7718910
2592693
7016337
300451
3653743
4413892
3384973
1279362
1467787
1650812
5578315
8587173
8335406
2445687
4607571
740453
1965845
7129506
4682723
7841456
4545668
9570674
1382627
2046251
2762228
3930505
2344486
356504
407097
267911
1017864
6228920
4619189
1093102
5262060
5618365
6433581
4355578
2334427
1198157
7383116
4685536
1512194
4378611
9390516
8025922
3188511
653571
9540032
108289
7550095
3638204
9258320
1269529
9847687
4737848
3050663
6140017
7030115
7651666
2519359
828385
7248974
1477272
7147435
6733145
9007846
6112058
1544067
6716147
6204744
5572662
4626563
9042799
7322040
1513341
5301726
1749643
6970128
2468461
8216778
4073595
1058020
3412436
7674529
7254514
23536
6866861
9717149
8527506
4588764
5211953
7535774
4585062
3093719
3390277
4758290
9215827
9362755
5239989
5521662
7407982
9834946
1486344
9200596
7618790
7138645
6995203
9361800
2517604
2375762
4197829
7866329
2832025
5867170
1349756
8195529
3718683
4832920
5046361
562215
468630
8221699
4916514
6712630
296195
5879368
9156009
8279833
4273626
7152713
8627385
9626886
8500212
434873
1961973
5247470
5297579
1007768
3050974
8321511
4080839
626313
2844539
4771370
8937240
802788
7862634
6616510
9337099
7762040
3355198
2156167
4196215
5826124
8292949
2680330
868308
6363869
9195439
5212447
3200748
9974617
3972602
1682023
6165821
1388601
7819130
7140714
1462064
6057377
2365710
6732751
9601996
7056121
7559806
6069035
3661181
3820294
8879568
9034855
2931761
5568182
9354004
3429968
5469329
1091459
4298862
247087
5093802
2679282
1258340
1454417
7643250
4562402
1791681
6901380
1217011
9590463
8061375
3000601
4131043
9822388
1738117
6414822
8371248
8474384
1361426
9027935
8476748
7897117
4550243
6850131
2421872
3504758
7318847
8693765
1572593
8968767
4960268
8916897
8652266
1196118
9972259
3262948
7317169
8097219
1928448
2369089
4371918
3361020
4572929
1148593
9377974
7507699
9036869
5839314
6462099
5674080
2732468
3158205
5881868
2893663
6484634
4044436
9129921
5137143
3113719
5999195
8940512
6946636
2902722
191627
4908156
6166205
9225147
388348
5524497
2227470
1778125
3845561
8120845
5471322
9837148
5705381
3527278
2307680
2316239
782589
1316370
7492955
3150895
2178320
5587198
9434827
2092560
5383574
9303777
7658914
5063280
7395201
6065585
8025406
5935724
9829377
945481
3380626
1250947
717425
3542582
9043858
8457471
7551043
5219856
8721534
4069203
3709528
6630664
4554262
1259239
2001238
2541321
1120376
359618
7836614
6214671
8974425
7170886
2484022
7597032
7052537
9669702
525447
648695
9262057
4041010
6688247
3581403
7140241
3875838
1489599
4742817
2595709
8883935
2722599
9597421
2753714
2345763
8514032
4564413
6367787
3732508
4546938
5978558
1674743
9926541
6901082
3927207
179052
4285889
9337675
1520539
2893805
9173563
8695547
8229869
6357341
9821831
4280823
2240610
7993003
6956540
1034701
6934218
4336167
184428
1127350
815243
83944
1110489
1739409
1205518
8781807
5921997
1937275
1499639
6264252
1251753
6444023
6507576
7816533
3004187
341342
4395837
7773598
8174311
5426619
7212856
6619798
4612587
5851863
4297336
8822602
3744955
9374861
5684206
8495415
961816
5095962
1797262
8938748
4005453
8200210
2945310
7572429
9045058
7512626
4701663
7085804
8644909
2648059
463208
7993776
1137953
7288574
4641220
7284400
4955682
934380
7762865
440441
8761597
8294858
295440
6955633
3153730
2998207
5645569
5393778
7435451
2120972
2727773
5169359
9803692
4338594
1858789
1865518
5390468
33905
8272062
5110796
2943137
1212369
8726234
8229919
1625216
6637362
2104095
5892978
3814128
9885233
8978850
9976683
2447681
5966410
3559418
4896899
3015749
1925778
1527907
3475764
5011645
2280722
625775
1500960
1347868
2268762
2524087
975296
415162
8376309
2473993
6792794
3579721
3516954
399494
9126302
5578261
8731494
8020178
9060193
6324933
7856946
4575254
8445021
8078171
3205732
7857329
7467131
5278031
3012761
3882270
9259982
6093244
1085847
1642524
1003082
1577907
8182050
6047379
7950191
1977008
4560190
4839824
8960092
7070157
6263339
6566383
4065989
7693714
880294
6104787
6524868
906129
5678046
3167599
459965
5002110
1181126
4625719
3197220
8240276
2499797
8952260
4925576
1624461
7431639
5650844
9510949
7292281
5479110
7599111
2753273
9233001
1754202
572299
3328195
8721472
2812162
5466318
5475299
993963
2522097
4657078
9939863
597764
3190006
7752129
2122415
224117
2778850
826798
6971907
1351688
4196310
3517865
6575383
4301192
2465489
4970561
4996595
6961524
6962625
8763922
2280182
1536743
356921
8724906
1313965
2287389
841195
8086088
8742841
6959487
9631343
766019
3713329
1574910
2758252
9287643
5275569
1965181
5031776
6942374
1321763
8164961
9113936
7235522
813844
8528657
5376629
9518270
7036434
1832440
6229961
2939962
5407878
4019571
2675652
7468162
5436273
502263
5223888
9547566
8021597
1336934
245957
1703986
1735315
8707457
9961122
392191
4674948
2616270
6912675
5312512
7017405
3186857
2159127
6718708
3489573
8869554
8998495
9793397
6830017
3035666
848478
650848
1538202
5728995
7650130
7080871
1365553
5935862
3640931
2331311
9548318
5465939
8964416
7141028
4041941
3144258
5325448
6635765
6224997
5198898
7456946
2034931
132929
2633926
8340380
6324747
1727066
8391689
4720274
8992745
4952369
7590434
4998272
4709973
7521293
6357654
4385883
4094153
2478486
9924739
2413363
5659154
3009509
2541811
6678596
3267112
2157933
576439
7166488
5299420
8735901
7434859
8030023
8669773
4131950
5984095
6203569
4885024
5867501
1104367
8960972
5206205
998176
8065870
2586470
399367
4182032
784834
8782386
686734
3365621
3268541
4733101
4726047
5995872
4313684
2399941
1317875
6935558
3319352
1583016
1061249
7396850
9799990
1050431
2196718
832246
4630695
6285208
5950357
2813641
5552022
5445416
6310361
5592292
2233642
9537947
3405388
6098633
617358
1067006
5321543
9597881
7666614
5583367
334899
5624508
8747281
6166747
4728267
7245488
2314272
2750697
2072367
8670904
7559696
3814741
4933791
8758146
5525255
6135879
8786745
782397
3573642
5910619
1705128
1658428
8584587
8921403
9474752
4831885
2722811
5175376
2482368
2512110
6001531
4034602
5215532
3550969
1837898
548912
9918211
6543180
6859713
8541834
3121504
5181546
9573550
1028216
9787725
521265
1962271
5486350
5097993
1256669
877390
777752
6163712
1817350
1840847
5615806
5113492
5778653
5621453
8265662
4611088
1956317
6696869
3419686
4678872
4832353
7075601
6130049
8715220
7568976
4614418
1362434
3785551
387764
8898218
3927574
5915331
7304390
7552760
4535654
8394675
6516642
579263
7340975
2686364
6127245
1304123
9517613
2388080
2855503
1305178
3990424
7745632
6602193
8558115
7078804
8588560
9725901
3095102
4205196
2663037
2412204
5743014
1938019
8457809
1744790
1248927
773107
1939392
7210800
974081
9058767
3076962
1946536
5348470
671943
8098998
7351076
5722913
9906851
8486469
6251489
28391
6586404
7578145
9889641
3479466
4288439
9100040
2719318
2010403
3528724
8859605
2927414
4821556
4654705
5584183
5991590
8056216
4430297
8011848
6230584
7384679
5986248
4410535
9758870
2936543
1032526
7276950
3751547
2464248
6936249
1534378
3507188
9859641
224898
8646642
8793579
6242365
2491822
6740299
3522108
3651497
4748917
1568486
5470120
4250661
88310
5769692
6727103
8545417
4854493
175950
3707418
2983559
3937273
6590246
5349049
1137167
8344908
9573825
77166
6574176
244304
5228441
2607754
8682018
9800168
8781753
1438786
6127732
9067893
1253698
7519407
8334943
9999348
3532194
5205107
9880824
4299945
1047568
3603448
286312
2914609
2593910
8402048
9477061
9167374
8472063
1934791
5533848
6067977
4107258
6928618
736435
4108931
1139976
5947081
5865426
5390747
5905628
4277821
5699207
663948
750522
3997995
20634
2363272
704057
7360575
718815
8657852
6339274
1954699
7993944
3272520
7718937
6886887
3260468
4050981
4505835
3902042
1889739
3180556
326398
643527
2119479
5919372
494677
7389259
9959816
9869186
4642507
7651502
2374316
7320592
6086158
1350371
591212
8909757
1064457
5578342
474439
5615889
3421426
8068191
1629493
106112
8399570
8290722
8613931
6237273
6898530
459559
1058215
8028629
2937527
7564416
2480148
132702
4480461
4189052
7404651
10036
6411562
7458291
1823048
5087030
1379587
9691123
8737632
7057189
5947883
3277046
5647051
1001877
8965610
7190362
2208456
2780471
2757893
7880517
2367503
7798397
6717757
9667992
3802649
6322663
1598289
3759616
3325041
6500539
4881611
7754640
4844249
22345
9766331
3480490
9180283
2421813
1247934
97503
1492685
858274
8400658
1772891
8223796
8045313
6532074
7459995
2558092
1145721
6198342
794388
6777207
4041816
248759
3410816
7934681
9141597
3519882
8854024
5017701
1270458
5281687
4857045
2347329
1631027
7060048
7020988
2364809
2763162
7342443
1054644
7247909
5256060
6603564
2013417
8796749
8649874
9087875
5016141
1686430
7775663
2798845
691436
7942681
102155
6946892
4466482
6612129
1252351
2075332
7136012
9712156
8064210
429915
9808781
3820273
5224158
5346983
9687088
421906
5871827
9832352
5789428
3811809
7900210
2045180
1771409
2796466
8665751
9203988
9707396
7234625
6084934
7242938
1792195
2363401
8031094
9804491
5632412
3475946
4261931
9725212
7876236
2779093
7038378
6857140
855544
3742385
7725754
9074319
9150937
5986718
736314
1848571
471789
8579738
8671399
1846248
4387548
3185586
5439138
1889487
1464000
3280394
9366046
9221995
3434668
7054237
1239297
3855698
2607683
9206257
8046844
8907438
1623728
3285771
7278205
7022890
1261746
6480247
9080548
601266
6440965
9920499
6037312
3726640
2873631
3117267
55835
8768421
8809334
5072579
5124529
3439392
3723750
7437231
4513296
1444689
8595807
4008370
7301624
6217029
626390
6006759
7938120
7850374
9795191
7936615
9770040
7076252
9740558
3075643
2146677
9177481
8105693
4456655
6481432
7180013
2485736
8901026
2589855
7762524
7344625
9827390
6790702
2553472
373487
2593057
8488362
6526680
8529351
6994101
1027074
9623921
4882128
220452
4401169
1933279
9909196
4722936
4769001
8277427
429240
8030696
7839428
2874166
8287251
1298656
7258674
6155199
8287467
7572596
1850281
7276967
446436
6615605
2744357
9382294
3128288
5097680
7907861
255066
5783116
2041493
2156970
6489205
8447543
8071848
5145457
7547619
9978150
1434904
6230922
2929838
8745947
1162336
6576169
2522506
9265656
4643389
1660333
2369630
868580
6696749
9043714
9637618
3433679
4234508
9060701
1962811
1794495
4783521
3368401
8368210
1128067
1579021
4916161
3755993
3582035
4533890
3546739
6535617
6661938
8234491
2672463
3075420
9688458
8759035
9963966
3781168
2427766
9530622
2325856
8439201
4094867
8874303
8624303
593185
451562
7108029
7428260
7655156
2275045
6853937
4664753
8245280
3618548
1359934
4538803
1536636
7993448
4449177
9774471
6207572
7414101
8894597
9082514
6886719
5839024
1146500
6019942
9216316
5329323
6597886
4961714
9298597
446970
7712490
1075927
5752777
7722258
1038721
9674055
2858525
5404172
475646
178606
2355883
8232989
7371110
869462
2111237
2171279
272316
5526060
5677442
4320623
3397564
1370156
6089197
9322235
1772876
810632
9898755
2004082
2477231
4742001
591230
7281708
6718363
7402096
731514
9573675
7146291
1059296
8182501
6059439
7366788
8083533
8047293
2590770
2006256
8717165
5656314
8626904
4486856
1103752
6358614
6481319
4756787
7136356
4181315
3563315
3003640
7270909
3513542
5950506
8328423
945513
5472438
1038630
2311611
8375689
8099967
2139843
7137460
3819133
359661
7114523
5196614
6757825
3351362
6354598
4377510
5159825
2358251
6910284
9074749
7839359
4719578
7970719
8411560
8625883
2040942
3335452
6813225
3631832
4957662
7442611
1856253
7006958
610270
509582
6686076
9527121
4589505
8770989
7293715
2902595
5792084
5727622
1352079
9874516
899870
412301
5489506
2330192
6603929
5381513
7448806
2837272
2662945
2431953
9363286
6288543
4366609
3030478
2131778
1985163
9446484
1631593
8709427
3338148
27496
5628629
7669169
4140407
1996516
6600494
2081565
9831830
6820950
1040852
8602560
7451234
9282547
4045636
7084941
3908095
7526702
1141916
6352301
8342134
4641932
4584023
3265222
7273747
7287747
7664818
3432694
197351
7191856
1912589
8500875
6475079
4700856
4534520
1248363
6981338
1715479
5264405
3452646
8771146
2275003
1741802
8243930
6281033
945803
4774013
940358
9039414
3604362
5007700
9326685
1865905
6764539
67801
6182573
2125307
7366122
9856571
4829240
5725946
6889283
1332556
9709948
791185
5993279
7284127
8691817
9440623
1344056
8270589
3494893
4838066
6401955
1100432
2607362
3061579
4899458
6836819
1131684
4500333
9285286
5822779
8626180
3705304
8846281
6526482
5911515
5151196
5312701
4273787
6522616
1355431
1333798
9254646
303204
5562643
171778
7909706
4602959
8890364
3048285
2097627
5123884
2315765
5298407
6539816
3128357
9657554
8288847
663435
4514237
7982120
4889501
7081213
1721674
4676393
5125784
5971845
1201847
3415608
4666993
8174395
9106346
8380927
9936265
3841614
6481816
7501804
897757
58022
9140887
6388192
3224017
1815487
3913356
1561933
384665
90715
7948752
4855837
26078
6408230
3193477
6636276
2436161
7730847
6342160
8977250
7741230
6236848
5424235
4600629
1096134
5179795
2856817
8847441
4586387
8697732
5476690
1852544
315789
5849296
562991
3035124
8698832
1481670
2616462
7654116
4443474
3656863
7735439
6457309
9277726
6333454
2569943
6273824
3596709
606063
5545312
342888
2143025
850999
8094227
785117
9236170
6314876
9086341
5291189
6644518
7109908
1403736
8349385
863633
8158195
4777693
9980093
2995819
4508024
9159461
205625
706826
7919687
4522039
7831225
7771482
469419
4491580
8769802
9657547
2166935
9242632
7136092
9287397
9231291
2572931
6688462
6282446
411276
5987165
2333389
8484270
3243639
2305484
5192790
594343
644436
2984797
1087629
6579231
5149163
6427052
1522298
9078487
3001053
2508810
9478265
3520835
9091404
6890621
724331
8447664
3241357
8476669
7042890
800459
3449625
5703658
2411711
1766784
3810673
3304371
8115745
2497766
8492463
1069508
1053585
9599688
5664072
9161978
7993175
8035656
6704145
2419351
9122502
8675524
9933569
8509150
3703114
8138133
4548612
1543635
6224424
2823320
7457761
1958
1271856
7894879
267066
6105274
9174667
309881
7536042
368179
6728324
6049986
1104931
5637348
9148117
8041154
1037963
9486599
5097284
8511381
7300710
1951861
163125
7400451
8732244
351141
3995666
9101146
133991
2822805
4835206
9182919
9953335
3790356
9285892
4026693
1697847
5453080
5379594
7654106
5212362
417415
2884169
9147445
9964458
2717812
9677412
6142527
450100
6764932
9107572
8795850
7822279
1511045
154490
6491447
9112627
6540424
2089445
788147
5149956
1265533
4732634
1135829
1543494
4672658
5097811
9106756
3498254
411143
1745124
5636794
7647767
41927
4432722
5738519
8103392
5054560
2506549
2548091
4914808
353339
2049669
4083482
7678919
4094164
1145330
8448994
2426470
7697797
7491193
9081402
9117099
2919417
7544006
1617210
1615272
5177076
3339876
3755558
8997426
6152925
5723212
2146734
1713451
149736
8743654
5466553
336903
6187227
5242723
5437458
7389211
6917215
3071772
9037304
8205939
1070051
5151704
9210602
6519894
6940985
1427101
6651902
2518063
8951199
3342449
1122785
5565358
84927
8684428
5940705
412970
1725236
28131
4951008
336850
9733782
9768851
8025029
3996624
2229502
4334739
7760348
8423205
2398996
9558250
9486919
1290168
9228033
278696
6450037
8255589
8746666
113435
7002956
8891085
2265214
5716890
3867867
8804904
7338874
2350955
7014735
9337532
1239952
3516382
635211
7854269
586345
7195245
1378078
7288588
3284821
1204037
4134030
510848
7661649
2292289
857907
3223419
9941071
5495600
7547100
9300154
9918539
5623163
3864173
1580342
5566629
7446039
6713860
2212940
9329597
205198
4758107
2841676
3393340
5601932
2584825
9477099
2511515
9976948
868289
2583634
6572816
3412493
6977630
7298318
1592223
6708049
4748461
8348333
2054007
7407844
5691988
1731746
6409487
1710420
8314049
3321359
324048
7905452
3211161
8680073
2267127
6639656
323352
7259909
3319399
1783699
7649840
5888481
8306253
7458710
4725627
8093576
2868057
6699206
2369818
7539431
316520
8108440
4221037
9300058
7667503
4584249
6984554
731647
54204
6646280
4276893
9785062
6546948
7015290
4132247
2943191
7984617
293546
4958906
1211039
927120
7776896
1585482
1926331
1813226
2576368
6910005
4176947
8536688
5635551
9387806
7610642
5685455
6691020
6513850
7836290
4191475
354064
5985557
4822879
9536579
2970560
1239425
3933426
9058208
2369937
6606788
1018032
4619915
1488219
7160784
1240124
5312160
3639995
1271691
4785563
1900037
572667
9973720
2168155
400455
2570684
7490540
6446979
9810644
3442552
5944283
1389768
3068232
8749357
8659353
206116
8277871
1747582
6366516
3477316
7632498
5971279
5026396
6766951
2897273
3009083
134507
7636815
1396575
5869073
9779153
6296570
5007655
9218431
4164263
6931005
4975818
5712151
4295981
1066998
5052838
5152442
3616306
9831557
4677229
476561
8830226
6927933
2393446
8452235
8294222
4320451
9403612
5215398
3924739
3415799
4658954
8916606
8195088
2852145
411490
5354839
8901084
9911807
6214528
8954537
4913490
2909175
3580366
5264698
3376322
7557502
3067156
9168925
5349987
2773799
4019601
1349020
1504755
3322880
8597275
7271470
738131
26303
9917699
4802573
1169862
4975111
2083591
1125649
6352972
5539317
2023886
6217264
9881917
3399853
7178269
4550228
106915
8382124
865912
8435888
7992576
2605332
9820393
7149728
3259972
3238966
744954
1268138
5409496
9110910
4306511
5008470
1085505
6906300
1525945
8929442
7967754
4803841
482620
8402608
8249901
1483813
4575147
9569767
8511397
5008170
5230871
2633695
9081752
6249830
7515073
1468002
9963878
1778164
3794000
5512617
4493777
8700257
210304
5558391
289829
2102306
1541031
1399111
2472177
8731198
2955853
434654
910850
1901938
7915631
3372366
523330
2577121
6291505
5595287
6752582
691334
8847290
4874510
3825371
7380887
6422765
8873616
4581698
2109250
3458496
8145209
4680245
7375908
3458663
9055305
3230963
3804053
9605637
1093885
7647372
3178734
8810887
3657723
3657372
3376602
6583260
8712935
5779815
9431340
4012956
1945988
5658757
631665
6134980
9470920
6731974
6928187
6976201
5098290
5809167
304994
3605529
3059332
6030420
9990372
6221375
3080262
7984416
2761139
7774886
5376405
5897159
6065871
405913
8517160
3978423
9859390
3041484
1478623
2869074
2969565
9510351
4315373
9935069
7061973
1869894
5959502
4889165
88548
2930882
1172338
4500707
8674911
7109346
7253426
145236
9407428
9299126
9346765
1798833
5904978
2778822
9831096
7998312
4678746
5027129
2584067
8085623
1845753
142303
4229362
5659776
141592
5889786
8105094
8210804
1055763
3364904
7928457
1863819
8811389
380854
3412491
8719278
4300061
5713041
4299202
3900299
3546540
5582523
6698158
3105534
5627404
1156450
1538994
1752642
5889300
4007213
6993548
9134639
6867342
3113598
8103939
8129915
3840331
3960000
2630948
2716787
5948911
7830402
9633619
8640610
14794
510655
4295314
1376894
4000653
8564573
4689777
2235620
4698666
1691086
6999865
2307101
1062504
7130041
2737821
8052489
5722862
6022253
7501436
1323465
8440923
8968492
2060072
6574794
3579183
1727899
2800486
9448694
7845065
279751
3832394
7272859
3716005
2831226
5128465
6904069
1812722
4985537
5304741
78517
104072
619493
6461292
1651069
6333265
1235108
8420145
2955012
8165665
3595904
8858747
978250
9687934
2422226
6596003
8590514
6273410
176618
2373657
3879179
7430955
800215
7070624
2538090
8262230
933863
2016862
9631577
7016381
9725198
6704762
4730926
1466657
5264628
1437648
2934325
9095073
463645
1546157
6611325
8813069
5700832
1136460
4934237
4859021
9026933
2290821
4680277
1422025
5078072
5890505
1302601
584596
6791971
2946968
4966119
1456467
454328
7040980
6638027
2219020
9473295
5371764
9537888
2944192
7017124
2455952
9749046
3352735
1874927
9786971
1262443
7565374
683314
8237505
7616814
3460603
6495463
5996794
9789258
5325785
981418
1368364
9350933
9183113
2736474
7480262
360149
8357670
4506280
7972025
2778401
9396592
4194305
8415077
4257105
8201748
4967177
9771509
70963
6007095
1638471
5618980
1822232
2115463
1342679
4532803
9457458
7584674
7985606
5727245
3209196
6662013
5104361
7846864
668576
8950848
2363052
7615355
990475
8553846
5071136
3792463
972893
5253550
1605657
6323753
873848
8063493
433800
7449703
3523146
8383667
3093058
4345415
1791498
3978102
9888647
5411318
4147704
8037701
5362260
8237092
369589
9323556
2271385
866664
741844
7921487
3333428
6279107
7453119
5607844
2737827
9158387
2906586
3142990
7833954
8435022
1805981
5239982
2803985
6723348
8322303
8777616
3398539
2713281
8288806
2471606
1503357
1948913
2037122
8390637
1522749
3916205
1893156
2770577
1754077
3520728
106940
4695501
3772332
7697184
6245005
7695101
3709445
5347156
931301
7028648
1112232
8644856
5013485
4865417
2175936
7683409
3820360
9311384
9394963
9987622
7460726
7725955
3574895
464575
274670
4198618
7464043
7800942
2490430
3843406
2058378
3452846
538906
3796585
3950713
7764394
1060280
5358373
5648025
7271658
608853
7406928
2508981
7845793
465350
9836760
7576652
7609532
5081136
7039935
2468267
1063676
1431822
3269456
7138991
7934091
1654655
6077952
3840988
7537875
2226363
7731852
1062299
8369655
6696411
8066155
7945176
4519999
3772164
7730067
5296483
2545239
6273091
59606
3040679
8475319
3371918
9428850
3663071
6773075
6104367
3195412
7258115
4618406
8906091
1194719
2610891
2640578
7696467
9257123
8043789
1980022
6328938
4239303
7494827
4856216
54462
323579
6930930
6904676
7884232
3874357
2885444
3335944
5158543
4408047
8878356
9670053
7078165
5929037
5057481
3352751
8800580
401657
7288269
5237768
9511024
4785664
1619421
1541476
3344167
8048406
1674791
2053989
8364749
7603168
3051441
6285632
8696973
2849564
1315963
8078412
161116
5884622
2140127
2998954
4805691
4709159
9640475
9213066
1253195
5771183
4647210
1479187
4987043
3160698
3752254
2000712
4031955
9890240
9393511
4711670
2564167
4915286
6771009
5651217
106146
4922864
1731221
8952066
9047032
4113737
4626124
773916
5139729
7991549
5182208
3231972
2737845
8823240
4554904
6364971
8871292
4278368
2860783
3994303
2879068
6432683
3664407
5695400
5219703
7086315
767358
6980075
2413135
58295
5451043
5830601
1285550
9173166
3857966
1749531
4430952
9142338
1407943
8180643
1675930
8230790
403446
7703559
1901011
1052862
7286720
1572623
5614323
9547267
5911410
341975
5354716
1376810
5787038
3562506
554780
7302642
7322179
1590867
8842534
1704246
309421
4535038
4196109
34782
7932016
8972377
2681538
6868118
516261
8386553
1447305
5089142
7567980
3332017
1172758
3376037
1281908
3857909
8353633
7465030
602329
4303041
3277969
9875838
7945554
8802913
8051661
6002589
2276018
4268535
3871722
5163245
8409790
5274318
3529401
9620782
6512666
3836746
2663242
2819886
1400815
6431599
2855003
6318506
1609282
43318
1052423
8591221
1244678
294009
3065930
2288182
9381647
4469237
2877409
7333218
3089222
3707078
5079063
368643
2418574
2484447
3437059
739919
2546231
7852075
4338093
1411882
2278393
6027885
5439981
9757519
51327
2569295
7209696
3995462
4773718
2871054
9933866
156911
9249774
1682557
469874
2597982
1441761
4946349
1934396
2688141
579360
393968
3380353
5997263
7131663
6322555
2752751
3093504
8376274
202979
1939534
9423670
6068394
210286
9685374
1666297
8112330
91468
224413
3344420
6275893
5136905
9031029
4069320
5999321
8435533
8983093
9582899
6713367
5980022
5901320
2457562
5955306
2025718
1895777
1547348
2678353
3714980
7144373
2102311
5426326
688867
7742195
4548335
3912383
2460626
4709539
8612657
6836758
2587281
7608062
503713
2581556
7728537
2943465
1593852
4643405
9640003
5739695
5757631
3481616
3962147
7209203
3796862
6430426
995371
8372670
882831
8596737
2115854
1350285
855305
4913752
473405
7507498
1275452
8944177
2184704
3170564
1570552
8418021
9001180
5934151
3404184
8620587
6766991
7657492
6498311
6299507
8792220
666806
6315205
7186621
4106645
6436901
8042358
9419908
9750516
7963461
3165881
4822472
2955679
4582063
5947392
8216334
2286688
2396886
5573095
7933342
7013405
7453330
5589153
540273
3863136
4241137
2141668
8636985
3440843
3110556
2694870
5036099
1936595
3930014
2211758
2499327
9739422
5748498
2506111
7976690
374978
6384217
1776440
7394224
3279755
4425757
3256043
5830011
9874163
8541000
8823755
8085559
9967498
5290779
2322154
3535710
7271541
5949637
5031508
4494793
7437084
8157101
3025917
5911436
6151908
6463315
4396388
7735975
3382566
7106203
819241
660846
386021
6639094
9992004
624213
4484536
9006537
16564
6366127
3599616
6235790
4520083
6374384
1508035
4095799
5988410
7679754
210946
8017677
1086366
3062638
2437605
2749004
9603804
6301488
4998976
6580155
61613
1668652
6987710
1354651
3939819
9280894
9946702
9661027
3867087
6109594
7487659
850071
6406249
4941179
7651017
1307098
8627902
1908229
8820501
8642790
6690137
2978629
5472953
4265036
7382417
466080
9044996
3706517
868456
2143224
4860105
1476659
6751936
5007120
3211632
6955520
6711232
4230835
7415236
277955
8164140
1433978
7820398
6842627
300543
6296294
2256099
7377521
8021186
6577486
9370657
7887794
4987265
9024148
8950372
9955680
671332
8196175
3730334
1147578
5522955
8392222
3364882
1570431
5063631
8940122
7236771
4992450
9188114
5836535
8361093
4766062
7512299
3661501
479951
5743517
6054546
5828132
7891982
6652552
6670848
2904683
5544508
5331376
1381443
4575406
8334332
4470502
5173769
9729535
8907725
9200734
4856624
7722422
9048232
5924853
7476716
6488279
9556071
6889310
16564
4997954
9519763
1902246
2377846
7627113
7300477
5266041
8447216
7384039
8301112
6157640
8021143
169128
7643175
5763342
7076226
7336659
5211586
2447331
4366171
2405319
724400
850082
7317865
3520126
5445133
5958282
5180149
4766440
4686393
8166839
2142409
2951515
279367
7327499
3761178
8279915
7100668
9282291
6330558
1542603
7973049
6375562
6563837
5390
8170765
8025728
5028716
8658617
3851301
193080
5168263
3836412
7331963
6282249
4083826
1151813
9590614
2821285
2339865
8754860
6186409
2343968
7495959
2049172
6896778
9196250
3480554
890294
7480392
1493013
1532177
9596533
7307106
7605732
1498485
9391415
4461517
4094020
4292014
8965119
5844726
1420146
7080450
9912952
969021
4083277
7567297
4326592
5420433
3130800
2447910
9250191
2423008
2934235
8527058
8496958
5290445
6216094
7731501
6238317
2785761
6414993
5553917
9252466
8359057
6599289
6102766
1184189
6389161
7941178
3299104
430716
6049613
5768532
6970692
3678613
4839719
9246328
8201224
1209468
9230028
4836048
8529204
8836003
6962068
7610008
9596263
3584888
8531144
4187427
7791027
4332064
7991186
9617763
924790
3368903
8151893
2010558
6911675
6577677
5762846
7086323
5108445
3039982
683451
5095209
6826014
3845421
9928362
8353422
7475309
7918269
7548581
2490009
2989591
9444775
8715051
6183210
7032591
2367992
8727891
3362759
9126166
4913411
9799700
4589158
594649
6184629
4665866
482038
8658538
2094807
9283174
2271670
8705806
5219954
2107105
81542
4018647
5757654
6391591
5114513
9575710
2436974
1911374
4397377
235182
7193538
9210927
7353377
3764362
7658743
5498442
3443757
3640233
4214329
1035038
9368786
2519218
8778433
3638949
585746
6446838
6633330
1152478
5884589
7348797
1965966
7564816
380661
7926533
2055404
7544920
4099113
8657836
2854944
7610751
373392
6659300
4009300
8693032
7590684
8576268
977053
157065
6195451
8600512
3157712
57235
2702855
933896
5222360
945781
2946791
3119788
5491960
1298659
4155860
5606821
611591
6128420
2633841
6612701
3494481
1755439
3823285
1064080
7947123
3232608
5124589
1815512
5826780
9585359
8127933
3124621
2743279
2260427
7902165
8914756
4176920
1515404
8253723
387948
5956952
7347563
9416760
3346374
4492103
4580659
6447876
3272058
251239
6339575
191298
9948718
7691670
3239059
6007315
3302241
7514182
2640305
105006
7758782
7927469
4047266
7591795
4018397
3067853
6897566
2172331
8648729
4202857
9069838
820189
6438090
4586541
3589270
4268054
2894211
790631
7347267
1471802
9631398
529526
5707250
2066851
2897049
1354246
3324182
3219046
6256246
5249486
7129650
2133023
5503538
1952790
8214915
272465
5665334
4245918
7744541
2870961
1328157
6363795
8797410
6905550
987554
152970
1363739
3774189
8795902
7367274
3071311
5842874
4852281
21010
5220742
3736178
4801859
2116314
1239846
3695255
9779979
8637198
5074783
1098451
4309167
5038511
1225892
239527
1752183
1229152
5181806
183487
7349675
4444674
3477614
8404323
3387379
8850887
7078058
8376509
8218301
3297066
4277007
9771515
4632138
548258
6234006
4931843
8455317
2508969
5498829
7536569
1811491
3349767
7573254
7442424
6492261
8444469
5728184
5526137
5891826
1288918
6317505
2426341
6042421
446662
6643224
4815785
3964689
736508
4633040
3081889
2300576
5497009
4825908
8491129
6296415
6443632
9910336
6325071
8459040
4129843
9970335
1571130
5639951
7830278
782661
6887610
9126273
8177937
3426693
3944150
9382196
7085609
1818772
3350140
7843568
6469725
1951600
483812
2520884
6285507
1162321
6061726
4890235
8529903
8714206
81390
3227490
6522162
6874313
4556334
2495998
8501516
2667257
8146122
6883057
500801
658856
9972405
127660
8929430
1124840
8548858
8330058
9125487
4722470
9825078
7479733
5970954
3136405
4965526
6516628
872072
4190169
6858088
9524180
6083773
187663
6200834
8334355
5497699
2970850
3493235
852943
4403409
882978
9676973
307776
385971
815792
9803746
6253265
2959926
7210055
3894293
146578
2411017
69376
6298092
8114913
3390131
1515716
7330835
6595712
3416308
9760875
2293216
5233648
969563
4307922
8004131
705202
1619225
9562730
3579770
4979273
450522
8188112
2152481
7798300
3295879
7364646
7928823
2435850
4613466
688747
4148170
1121130
2979512
5896485
3299355
8788247
4311208
9479838
4186375
9974258
4416579
1153463
4879306
1329179
463787
9544342
4363365
9471586
4344305
7736257
5811924
1415240
5671192
382979
4985068
8772240
6759635
6227951
6654530
9811922
8410679
8293806
1804608
326153
2651547
3237128
5076357
786289
548181
1290535
8996259
3941683
6226820
3416923
1927267
3352896
2499776
6862367
995871
2979055
7538838
7261315
7816912
3219038
7790282
3600411
997120
3440514
6988883
4907327
8398922
7122970
2882094
8521854
6652798
8827534
8594170
4918126
8374834
3188246
4748019
8588522
3615191
1168869
150106
12741
9955219
8148098
2976658
2003858
3503585
929522
6130646
32045
6931457
1918574
1728098
9759950
7484385
9686989
8055314
9666477
3362941
7747050
4178126
9274589
2833453
1930522
642174
3040281
7714544
8787519
4254491
6862891
6714108
8699379
2218871
6702790
2272698
9310679
8092091
3539367
2538012
9746683
2054344
3368280
5792706
4019603
5783800
2155258
8162443
1902327
2599520
9877972
8626094
2450303
9679606
3598727
9291123
2507315
5992139
3780543
8085262
6903439
9562336
2192607
5669487
4644794
1154218
4081019
9710859
6821754
8962890
5808623
5039294
6672835
7227831
2741155
1286394
5072842
106971
9680681
5091386
549795
8573839
9638114
4488434
1295574
2425409
8973522
4334370
8556941
4961821
600178
1973470
2741677
5736253
3349298
1706065
6523616
9376588
3080605
4414126
4423041
9680373
6125854
880762
8411341
320578
6847057
7776573
5796110
5268385
7060590
3390952
4548584
4376889
7313245
2648880
1932701
2535725
6304760
7098248
7407733
1267529
5042613
3409964
2422280
5699353
3670658
3943182
4219152
9243809
5756165
5230189
3982765
6553532
929960
283280
2541714
7456163
9899111
6720504
2212935
8297815
2729036
5936654
1429919
7667354
9746535
8077033
4575574
89126
5921433
6977286
5786774
8060045
4388726
424689
9803203
2832341
8150727
9909783
9913988
9466899
9116340
6986295
176148
9406630
2418551
5385962
3607122
6638434
3707061
5433778
5896485
2602898
46984
3943054
8743772
1256045
2419264
9417012
900512
5464111
3544358
9247759
1090656
8252220
8974768
9249470
7880338
7990815
6761618
6691709
2893161
3534074
3839982
4449900
9640509
8089264
5837465
8756029
4990363
6516745
6949850
4737150
589773
9449042
2325155
5810486
3130153
7919610
6549221
9671286
9810925
1285810
4893348
7139765
8423303
9320088
4817768
8030626
4036424
212675
3105582
7717071
1900598
5347463
3822103
552294
514273
7548784
1031985
8891524
4209384
8775016
6634579
4656828
3953549
4579460
1668756
340579
2150772
7817284
9748311
3203424
5282746
3127343
1640350
6539502
4563682
2579789
118109
7871194
5207741
9903885
2655244
947228
1450127
6730336
9760999
1385528
1975722
3357755
2805434
8035467
4858991
7337686
7800147
8239177
3887834
7622471
1164053
4162598
2124410
9174373
7168465
2173666
2714928
1999765
1721105
2959893
2502536
9989616
9848956
750068
2235845
6952367
6602660
9235366
3121568
7873774
3413483
8305218
3835475
7358370
4149810
1238577
6428797
2607594
3299363
7559824
9635472
1233440
140657
7791612
1927117
9801147
1348779
194492
896306
8605598
3848838
5628247
7283534
447582
1398445
6652073
255676
8743078
3557364
7613061
1503609
7402572
2678875
4308012
8436414
8836407
584966
2120215
2283398
2724567
8767563
7245110
6848554
9515441
3319426
5730832
4914054
7600754
8097269
9502533
7179309
1409340
6230413
1872897
2091633
1531009
6433743
8658400
5477321
8020399
9474575
5801707
3283935
2000715
6043868
690607
3491130
2285451
6796426
3580654
2615002
4047849
5861818
1388242
6730405
1910170
3050714
6992446
3335358
7486352
5342457
452965
4280826
1936870
4654169
7062697
926781
8847545
1818244
7556116
2841729
1302136
5378120
468541
7214032
9851552
1701935
1069990
6440083
711414
7382972
8006447
7251519
5282987
2462351
9335566
552163
537962
4984918
9758158
2146846
6239497
5937837
3813226
906477
2243444
9507268
2138325
5133132
890807
5941511
9746331
7861480
5735544
5913687
4964714
8616123
9139913
2602522
2053256
6367126
682468
4836212
9319365
6356824
2945064
1007173
975112
7747100
4680351
6661346
2034675
3383363
476299
5406578
8788739
2900079
8654402
3115959
612677
1958294
6185256
5556861
7703053
9079644
4603185
5012400
190416
8301124
98587
3839531
9438330
3074955
9169538
8043374
899775
6951730
8390601
6048538
2334121
1983517
8292492
5622529
7680875
3707879
6722999
3576008
8641175
5111336
6592012
3666955
2102875
7833318
4553526
3553955
5893942
9700615
5891035
6514885
9163523
2689852
366759
4259448
7719946
1790441
5863418
9201353
8357081
7312965
6806166
3441190
107000
356203
9637732
2332791
8032228
1414834
9474599
1602067
841508
5154551
5217881
1593286
6560442
3124873
5550453
8999430
6082913
7098437
5398722
8440400
2227873
8269336
6742441
8453880
7028995
9629524
5036643
3085630
3164342
4447302
7621271
5102338
9598478
9782398
4098254
4902237
5900077
3962530
6252594
9287673
5139338
2774141
6967117
9711200
5582465
9878305
2089267
8701186
489471
3572114
8022006
3353927
9713075
3300047
6980769
3739533
1925918
9294189
1650814
8512897
1952973
8369593
3440456
9936941
5672473
8827369
3896682
2547388
2102345
8572440
3996712
7388281
3173400
1289980
6838605
9051193
7002145
147477
3085992
147075
1782996
8827976
1587415
772264
6116140
2084479
6066420
1284
8256607
2464239
7156436
4104235
4306108
521037
5228573
8155312
3483813
1811969
4609615
872412
1500716
5168959
4762411
8889083
6653427
4986111
5217382
467418
7536989
3447514
3699497
743610
7076273
8810221
7330648
5468605
9988780
9833244
5417452
8747005
7624688
1385944
3677736
7853883
7297064
7058205
2461163
2990535
4961585
332052
5274920
9201412
6325652
1218825
6734808
8941288
2239407
9729443
3437695
8682256
5357458
9745939
5588833
564806
9374894
8761133
5944065
2294125
8525355
8474131
8189321
651894
1409641
9361785
3249765
7257818
1991469
4175538
1543296
5275813
1722641
1815688
9094773
9483864
3761068
4743375
3519904
5604527
2404607
7156451
1314550
8055267
2910683
5458767
1176865
667442
885021
6469486
7951998
5215081
7531502
8365584
5093858
5291863
4956887
6399322
2686923
6234014
4393902
5488509
5575950
6544133
2927485
9104104
2351548
8457375
2932284
7311629
9019675
8463968
5855579
9790442
2192571
9394891
1998798
3797791
4058926
7521523
4250243
8840662
4964682
1452725
6098885
6569916
217229
9471876
3638549
9262952
7099476
7328995
2935091
1882282
8143767
459139
5529457
7711618
2175719
7717715
611653
671315
3944911
39603
2148543
9623862
3497347
5674886
1231731
1686706
1938252
1355839
1209230
7911034
5554060
2960770
5163731
321212
4616470
6958930
2249827
8096178
5547295
9128114
8067318
2575850
1860678
9861163
3851068
2584587
8484904
320527
274148
1387336
6006308
2417560
9843715
9256183
4303747
2905811
389793
3987856
7992572
5712800
9825924
5949039
55524
9540415
6996521
589837
71032
2955131
3148363
3234224
9828684
6611613
5921192
5536020
2919304
7258869
9081381
8255513
6805258
4058486
6591622
1441502
7649093
8765874
7270530
9869570
2454290
3276371
2124725
3081660
7438602
6539898
5743215
9821404
6384236
1336642
3985838
2339351
2165655
4086780
4337355
6489821
2786219
5417804
5706679
769096
4480918
695079
3108507
2410398
5938651
3665791
5499074
9729619
1622182
5595574
389127
1026453
5731558
1894874
6502497
2606662
9152306
9050789
393590
659557
6543349
4762560
6800977
6255933
1518736
3130529
5642644
5226979
9512052
1405163
6590652
3894576
8522430
1097131
9130895
3612512
6097632
6757195
8862235
1249323
2252411
962151
2562938
6633054
9381982
6516423
4623395
8910104
7388420
2895443
2580919
6410196
4248266
491423
2728366
9706642
6652671
8568272
4132962
8132038
4571159
255358
4054030
5679839
6837490
5799607
2562631
7918747
8496906
2256366
7056127
6135231
277031
6657078
5752499
7767558
1503226
6998537
9575798
8658126
5541683
7069253
4951345
7872662
7495170
6502211
6672835
4370616
6711499
1152400
9098115
9992082
6486401
3522022
7839698
4690531
7222727
5414810
7632382
7806351
899214
1416925
4848877
4377061
9098805
4277561
6838172
570989
2227896
2357977
6591106
3356768
9204145
3189900
9559316
9219200
8676014
2709024
514274
6073144
561134
9416309
3099831
2211472
9298931
2706081
6989975
2180707
5680747
3241010
1807653
6055031
9218452
4991092
7874040
6784368
5116754
8243899
4121958
1870827
7972653
1017819
2441852
1916830
2391159
3201281
678295
5255240
1470104
2272540
1486341
7730564
9833843
6307939
2936647
2254397
2457330
8741725
1836810
6007873
2424736
9284391
3236007
6308371
7075683
8559476
7236714
803514
349991
793778
7430274
8216818
1572994
9168870
1594037
8269985
3960586
955649
1748077
8982270
2763218
5501377
1631534
8493105
5196851
4559753
3253869
2606445
1832162
2934583
3705726
8748367
2420291
1599543
3842340
6678567
5160836
9261203
4069956
318776
1940325
117088
4681395
1083589
2017043
8631844
1401334
7150431
3124051
8924352
2928334
9672900
5025300
7612327
4806286
8217610
2118511
2317294
3276227
9478831
9793214
1121970
1053798
8166986
6948042
9676890
4288191
7824781
3095198
936350
7900642
3425753
8994410
4445654
4019370
4923897
813740
6376061
6569600
8083573
7498440
2580568
7593780
9730856
8020757
277240
6285937
949727
5583920
4340159
2232847
4857604
4787107
1281803
392832
1795397
6574872
528388
1859093
6061539
3728461
7329856
3441069
631876
9916436
559984
7469141
4094401
7277261
2321080
6830749
2695560
3828206
891354
1535440
7181997
7956758
9146916
8973209
4211333
189948
5653848
7225277
6092109
3509280
7259268
9321365
2930005
6964328
3649620
979897
6548489
1778336
6731504
787293
6073681
1623268
1356052
3401637
3437713
9552762
7299038
2621256
9041753
5306813
241066
7184782
7224654
3990373
252889
3620265
9445305
2027788
4869277
6011628
6947972
7257537
616680
146004
1151127
6731047
9774122
8620918
8015865
9908328
6501084
2473228
6828444
1068920
5572597
2191942
1387041
9425670
122753
5303397
2357841
4865762
7764962
751665
9331394
5820304
6022532
2919058
4786694
8622833
505074
228549
4788434
8908450
696241
8486657
2727406
773956
7760341
2332225
8470698
5428984
5926253
2466687
2290269
1413484
7888571
3069488
896791
8364983
2120586
3299483
3858829
1898106
2894538
9785781
6020806
2620566
3671333
2876149
5268472
1719561
6606424
9148900
4990545
8392612
9456820
342040
5106195
6815752
3761760
5588590
7014847
9673526
2759239
7305049
3537640
1268789
4154912
7845400
6566035
9554083
5269108
7954311
5033710
9060195
4428751
9523381
8668338
2579713
4734866
1257718
1855201
6889708
1530465
8605773
239824
5498804
5752097
4921619
3665932
7099760
2149183
7251024
1903442
1434531
546194
1038333
5262073
6837038
2215060
3865962
2328333
6904460
6241115
1957855
8119005
2969197
8353856
9834805
6214984
555416
2340112
8314748
1823371
2112080
3218670
5133658
5660202
2675131
5325629
6594190
5977993
9080833
3083857
9403493
8906676
2284869
7331225
1779884
8507901
9001484
9496581
2502999
8082628
2647475
4903363
2727993
6174334
1990927
2459418
1714325
9734536
1422553
7915369
8147160
9470375
2622647
3905971
3114536
4715766
7048455
3339738
1139015
3049942
7277362
4316964
9054260
2276802
6882195
9853222
9721243
3836167
7088623
5168613
6498358
2595633
5859494
2434709
7597987
9132226
146318
4315746
1619790
4500921
3730604
3698729
2698399
6677643
7329023
6572012
326114
7624395
698039
4120967
5269015
4700010
8100110
3051002
2260845
4443314
9766722
3333671
6304234
9602170
4301387
5548379
3324098
4524946
2164863
6578214
1254373
7379026
378594
8329415
3642506
2816198
4727718
3257453
1131872
6544036
1476663
5218327
2706459
5782922
2837774
6626940
3347717
6876756
4653515
179035
9888839
3898392
5032232
5677475
7531378
6154471
6244437
6813002
4072026
1662040
9638365
8559776
3326996
6726312
9592100
9167476
9237227
8758518
3862213
5256021
443342
1099577
289650
1726649
7360842
5117358
5489085
7541676
6429296
9410688
1960016
8506724
1268283
6859852
6119453
2312747
4660092
8420367
3911651
2172104
5823062
2995795
3757222
763386
9414539
1979510
8590306
458961
5973473
3943601
6308289
9881860
5850517
1020425
3441868
2377664
3309429
6610216
5325044
4436471
8302171
6520663
5554874
7013450
9226281
3071265
6884389
305812
136715
5460316
4565613
9862715
3442124
2638408
4978710
6240262
8931094
213259
2113724
1494792
9047427
362708
3033159
1216599
5740330
8902421
6409766
5946742
3840661
8730129
5429640
8779780
4161772
4732540
4366313
5041769
7777706
4604749
967868
9026865
8650393
2204008
7376213
2161512
8503773
3648941
38535
7517580
1358723
4683272
9524450
7096242
3193796
7089683
4690424
3550459
3921123
7128271
9946948
3995168
5467139
8398227
3757312
8259155
2000736
1166640
6148395
3822549
2025477
6719640
931305
2206968
583008
1963824
1788328
792483
1841462
6853035
4329721
9598979
3922837
1495168
3892304
7079778
4152008
7416373
2939945
5081444
2540769
7443444
2919108
227904
1466192
8532679
9971891
7327130
1304171
7281694
6143121
6430720
8709555
5288174
7162480
1334423
1016172
6679790
644439
3049283
2000040
5990020
2356819
6484551
2473268
6548248
2112147
7036065
3421733
4012322
2909985
9444212
4380761
5917776
1449699
1978673
1140384
4145568
3993456
4190449
8673728
4871519
2433103
4946273
9671346
6885154
8837905
5603973
2801660
4302316
5774195
1929644
148131
7503732
9207298
541139
8332038
3358555
517675
7503765
3386147
1088115
5846790
8269526
4662885
1981157
5113890
447384
3291437
8889596
4322703
5130720
4312915
546495
361271
7700400
9324316
6712079
3167358
8097649
5404542
5297140
4507345
9995066
3363372
3006973
1824312
3393872
5260512
3456433
5586995
1395461
9572243
1659527
7625975
542606
8412273
423105
7527478
2772660
5482724
1841846
3823811
9597614
9739647
2130066
6137329
2488422
6559091
9542365
7333332
7393828
6318239
1018418
325526
554387
5647366
6616177
3725950
402124
5175901
3228516
290960
7031604
5407777
8634225
9562712
8369000
6759877
8689939
654112
5729804
3302495
5411184
5347555
6655667
7743008
3005716
3232175
6095359
7989520
6390523
9169867
8929628
9688882
196483
1477130
5690470
2380874
9195703
7758251
7841608
3041179
2735019
1435411
7380998
9468782
7406810
2700371
4555456
2322996
4521527
788511
4275055
2206031
6156495
9867326
9647026
3647775
7681834
5073302
9090025
6672762
180682
876761
1888682
4344365
13945
9060484
775061
5276247
9543784
1106104
3520071
7802904
9441153
2865639
2771716
6473812
2449623
6638248
4421316
273080
5491056
5600735
3274451
6989885
4919865
6362377
9027098
35561
7923452
7670401
1064912
4552672
2163035
7997524
918331
8247738
1317549
5515774
940908
9894104
313540
4939964
9833143
9254471
8789915
3228687
4531730
2374661
8283284
8203493
8483932
7732696
8876763
4643379
3214108
6858111
1795299
8661959
9706186
9521434
8357758
7969279
3139237
7906761
5846297
8405048
4096038
3618704
3784706
9643906
8114130
65507
1349453
8231844
2390988
32751
2355749
7027445
1839844
4502766
2675394
9678252
3655997
641329
1648416
9073429
9590501
1556123
7335831
9237674
7618555
9908234
3285590
4822887
5110713
4563018
644789
800684
9416361
8872737
6603287
2894184
8739908
9214791
1234007
2354971
6926507
3572606
3143950
6482143
7597526
147173
5617634
1025700
9088305
2111105
9559309
774288
8014176
4177251
5827828
6017934
3667715
4888266
4463497
7343324
7446121
2794841
7891653
3296534
3446949
7529974
9537644
1641725
6814822
5529285
6622296
2749636
7752595
2070826
5182075
2848482
535886
282838
9679569
9041736
6174884
3986344
4651524
2530573
4455439
1061472
64994
2145011
4406710
2338483
9448755
6681882
8396738
9592199
2416584
4829910
441930
7626014
9727023
1445754
3997936
3499141
4730324
5782503
1961564
8152647
1608983
7391119
4646819
8466420
5418071
62163
4542154
6487643
3387050
98326
10386
582944
6587048
3229308
2965283
24208
2755055
9631990
1248965
5750705
2614210
1359512
212793
5461469
9863853
3753621
566820
5308188
5275272
6801405
7078376
6403000
141639
709698
8346039
1480714
7654646
2184710
7332059
4421062
1155794
5411106
1386658
6126130
6725669
2113172
9913829
6418649
2145500
7371860
7527888
3094431
3126960
5402516
3135334
2698959
8441200
384979
2311626
9361802
4470489
6706117
1072470
7060644
1040565
7261997
785945
9978468
2567157
5328840
1683160
9396149
9287991
5610167
4468490
8284191
5055748
186323
6423759
7570130
5574840
1143960
9197444
5208182
120566
2871240
8698822
5198619
2528519
9687861
5726342
2585764
2547638
2820848
9564014
2565802
359534
7699370
4785969
8064641
9981841
7669637
3253992
9455315
5941476
6702043
3777214
8284942
4648966
5183873
3387665
6796937
959193
8959324
3980588
8580413
7296528
2957955
6365312
4425123
3782038
9603435
9839330
8066382
3587677
1206356
6774565
9873567
4711961
8987540
5055271
245723
4474679
8276169
3359514
1645957
3127445
1489384
3252999
7945687
2399543
4202034
7034434
7364154
2210570
6705818
9968068
7774345
7698967
5794408
9513066
7247219
9304002
5350227
4421423
6321602
1591443
6394103
2276106
7089646
7287743
7710402
416814
227583
4620429
2067822
9373157
9909673
5760181
1068665
6000649
2364804
50944
911071
4765192
2266558
7201891
2388875
5319299
8007620
2203678
7308304
3262577
9638186
9491985
5042515
3627962
2410146
8728856
6128824
5429173
4007420
9907685
7581188
4738140
3980813
6120299
8853659
2363335
8180584
344681
8095469
8430385
4192537
3194020
5973508
4398278
4893744
177096
3250407
8492854
3490629
9306389
7192614
7733921
6033560
1045880
3703771
2717663
2867282
8851491
8657333
8777523
4385317
9964662
9919717
9564018
5761088
1284689
2317915
6741769
6917440
5018044
7279079
9844175
83768
9348939
2789687
7958827
8927881
1262828
8533977
5984423
8470160
4485665
1102344
4874483
8239108
606568
5251269
3723029
8012158
1405346
4817103
2673537
641357
3704504
1210797
3106092
9912976
129419
6946671
9899935
6266036
2803708
5823065
4453905
9605374
6822944
5625329
9554177
1992196
8407672
1308230
6554454
1468483
104339
4701442
1992569
9354490
111141
5695867
1670963
5130526
790946
1978927
3229850
6184481
8688918
6968623
6359912
3328565
7238820
747947
5831579
9579996
900495
5402988
8056618
9688303
6539645
6674190
5347574
3027814
374385
929659
829635
4307039
6610455
5780163
6543127
9929364
2983719
8952296
621916
2490755
3846684
5198592
9584444
5120033
2464079
7851982
8952987
5761917
9454558
7618923
4606883
9671426
8456946
3323887
621658
7062166
9242009
9245329
7160311
9026175
7049357
9062107
1631466
2016122
1763849
6718704
2074915
2653216
4010276
1317708
226819
4808297
2557742
1157304
4608032
5285979
3825248
8293454
8150757
4789547
8019365
8020586
3708328
3528539
4327211
6587043
4072109
5907966
9925248
8135017
231518
6347865
4414416
7553099
753692
4114220
4767639
7633639
3554011
4807308
768977
4167491
8237720
24488
9569660
1809120
8748422
8828199
3917270
8878504
3733306
6974859
1657455
7644530
3279606
487898
925509
6046552
9190568
3832859
5171988
7238912
3260280
224996
7116233
837335
9712718
2614235
4323737
6469184
5948716
5102480
2553702
4000952
2957386
2673845
3460230
1673622
8458092
858749
4956653
4004560
9948363
101980
7265196
3715519
3137035
5205786
9245575
2145626
9656269
1488461
7041629
3335749
3893908
3633673
2214536
3878296
9115111
5411704
151023
378918
7715639
5178550
5235754
3016569
6136041
537976
6526448
2000832
6441172
8773284
4807219
6967683
5586870
7967568
5041332
35299
5524361
2062966
2815976
6010837
73253
8499386
754470
7577333
195078
6260594
7212117
7426232
3692360
8674329
5388788
7503616
1250256
8160576
6332340
7383620
7063329
8773423
2531200
6608488
3861068
3007276
6440377
6756748
8258048
2269419
407928
4433636
6936296
3575396
9156659
1233106
6866143
3840753
5683778
9455270
5009589
8739105
3870834
2297089
9901392
1983676
8921393
3478980
7680689
2409217
1211880
814941
2436847
9808846
4989253
5323567
9511326
6401459
9350683
4079624
7453159
2554571
8328926
3668298
8451355
4684842
6839030
3463431
8407302
4043226
4593763
2889568
5592306
6151133
978157
5055441
7406304
56496
3806747
4013483
1339503
7225995
4835967
7045582
4341726
8625325
9398314
7598137
2425520
8512924
1892767
8325535
2991597
4547431
7657977
7065454
1135322
4489037
1894204
5095679
342905
3083787
1350136
6248390
4895803
6749518
7960202
3225646
3576350
8293681
4647709
2848402
9740158
1936075
7137321
6679994
6364554
8403097
6298000
1664481
1901169
8871604
7325252
2615576
205707
394615
7663211
4119420
6650188
3638247
740179
171976
8393623
1611910
3529879
9051787
7157343
1567555
9024597
4933074
8239430
7189597
3065784
8019686
4431993
6862410
1288281
7876038
3951897
7236393
4793632
6192916
3549188
5309638
8307032
8810838
5949769
9371919
2335493
7631780
5591841
5631896
4132713
1817976
2118518
7846239
3176494
2159011
4934198
6263091
5456294
5727094
9888253
7117902
3687645
807725
777252
7361076
1275553
365554
5993257
8813244
4861709
8904297
4495949
2766048
8411952
338884
3847572
5720068
5435400
5353944
7444717
1523439
7247296
3628608
5688463
3890307
8945300
3094375
929360
2623326
5995951
6167342
6523048
5852183
9900520
3150200
9194347
1517243
7000782
4536777
9406998
2583975
5683570
89729
4391346
4937009
4124574
4960878
9373920
2819060
1986245
6093781
8192936
7158812
5260
5744666
829967
5212539
1566412
1160131
8513963
4738952
9859436
8944103
8666699
8070238
2379311
5255983
8027571
9924100
2848915
6523875
1280502
9533258
4193078
977833
965138
5205758
1331879
6412362
8366925
7964541
7804437
6184892
6912095
8110279
1907608
239620
82835
3765091
3725274
1709254
6901335
9310754
7750930
7708047
7185679
4345475
2035682
2912946
1243971
5510826
9788174
261855
3534459
3150578
5869635
3539283
3315135
3035530
2981531
6892407
1318858
1777198
4907547
4319583
8555139
4534394
3421194
8515039
3896131
4317890
6870609
4144309
4382113
4656370
4799733
4218845
1331501
3872956
903601
1500960
4617456
9104950
5199357
1086094
6840413
2975569
7262948
2570064
4067397
1301312
4834091
970416
9874959
9806078
6195469
3543005
5991150
1685437
7204537
1087077
1120601
6585164
3237561
5155869
3382574
2668160
6733469
6308831
7073496
7029064
2511804
8793291
1281307
7105336
2614448
5670424
2201097
3017115
7153900
6153943
4042316
6648527
3588023
7541063
3691030
5956994
430230
5512166
9077237
6980586
3564882
7261349
483234
7630869
7966666
4163725
3881884
8919088
1621633
9447056
2369247
6253819
9047753
6684347
1496522
3954971
3251127
2893103
4740991
9837546
5426259
885959
7346010
351301
4495893
9116172
7019384
2574089
4545381
7410644
6529624
6695379
5135782
2927159
4590471
6661778
5623809
9730258
3439458
195889
2956665
6190741
5138282
7052600
8457930
5821517
1969181
4139004
4944336
9716924
4741681
2645532
6445328
9989027
3196648
2224247
9313259
6979561
8313055
399277
3307198
2253353
2528628
6389893
5358332
7976781
6536041
3060908
3178394
3000499
4465654
343155
4084998
182487
9039975
3449269
1433574
5026074
6747890
5519554
5403950
8985018
9588793
2412426
7248920
3590413
1539952
9688896
5451216
5552971
9690267
2556970
4900859
4524906
8131310
2807516
988649
697972
8939369
9198808
4366669
9928475
135672
5032572
732403
3124163
5985105
3315261
3466932
8733856
4926639
724016
1771379
1496363
3091900
3405611
8991736
3410706
9225687
4497625
1292011
3775675
6696394
4255177
3763074
1851814
5801349
4887043
3341141
2545507
9661147
6884383
2079664
3964543
7628303
6386960
3215092
6122720
8645958
2466863
64383
6487530
3021051
7156831
3576368
7131852
9750686
4501932
6094464
3187892
6448771
1486356
3629431
1615056
7958992
2849376
2916549
1664944
8510499
4295295
7849933
6519608
8663069
5183035
4702127
3691393
4457837
5368444
8256100
285493
696119
6932507
8748808
8095880
3421804
1115097
1923865
3834276
9444752
7613045
2892101
7595589
1104306
5325718
5700390
1186478
5312063
7393193
6402701
3913465
5543622
733641
7011126
5969478
4683669
2095498
963868
1610737
556245
526673
9534948
5180980
8423364
8673848
7676583
5281935
5194975
3502035
8361187
826678
7411526
3783874
4595218
3465249
6170738
8000896
7112660
444260
6186336
3572803
6400276
3729767
1205962
1352127
8410445
4747154
2381346
6904071
4382435
3878103
3815658
5833147
1409866
4471567
1050242
7849311
1892082
1685861
7144273
3490466
1136138
7083503
5115918
8046558
5226449
8645089
1113138
5073858
294173
8889353
6524158
6809790
8664525
5342365
4260380
9587629
9747275
4276931
8609032
2303210
1782961
5775299
4277269
7252743
9157656
9770474
4777456
9256638
4327759
3851807
8761138
9378087
2812789
9811295
3630446
8608717
5720770
5774897
5246404
2448788
3982500
8475000
1711216
2355583
7693519
9720927
1828530
7002051
5176107
9201798
8078728
9365799
4883579
1095011
5981439
530262
5511141
8370802
8860008
1137109
1471559
441392
7643395
735252
5966095
5648351
6486723
6730550
6719178
5878813
490414
2161277
9505010
959840
9022207
5198443
8437179
4690992
4939163
176044
4661278
2177011
5591937
3628811
3794553
9578784
8469674
3171453
6494722
1313893
6127412
4234053
9626929
6238468
5915257
2968444
7726961
1682372
6660948
1379175
6886410
1166555
6830659
9937234
718499
1027750
5108515
706950
6541954
608645
6878033
1487836
2239569
3249444
4181939
7818628
6097667
3880683
3794799
2515310
2477474
7498438
3695548
2496296
1388188
4280211
3456484
274520
731715
9098938
4193994
7279643
6032806
7682961
2072053
5834630
6011605
8962897
9519417
5105061
8497068
2025020
9002420
9961375
903408
9377892
3155559
3205603
6811438
8208063
9965185
1994514
5775494
3948398
72817
903628
3193795
7617431
8402024
5358046
8011335
8974295
9824551
1063351
6940346
3305510
2728603
6397550
8179070
4778979
7925858
5720533
5904452
5471289
7628425
684814
7444096
3096685
7951034
7403354
1565253
283450
4182601
8433479
3791308
5926683
8861100
7056027
4719764
4647175
3887477
3210128
8604174
1405841
3357666
5909618
5382877
5197748
4150945
4725113
5428383
5651180
1039055
7850554
4171559
7969403
5293283
2546254
6427871
9631279
5108034
4549570
8349058
1905427
197130
1718655
407743
3878465
3804434
5022243
5966095
2623837
5958006
8978896
8474818
4427340
3396663
5289159
1043994
8629389
9410845
6894702
208611
7361013
328648
5693365
9062188
127932
1141273
5855120
7869881
5239336
881816
7811177
1497302
8776552
4796125
9239074
9189040
1256077
7173673
1955
1553009
8903888
2251444
1468576
8389397
7092273
3603441
519330
647293
7391059
5086935
1042952
8983292
941005
8218716
3240900
6434967
9760276
6313379
8076442
7067654
5020630
6869478
1476302
6397985
1890610
8831638
4554626
7726837
3412197
9758925
5890654
8098898
4929724
1116685
1342596
4033301
8141297
8690408
4630329
5844667
6111407
1449629
7325440
5170141
7177579
9657524
5910603
2951880
800812
8499067
8609291
6139768
4902879
7246372
6149556
1743235
6996343
4327175
9426934
4690118
2783475
4151349
3713058
8799765
7266726
2410001
5648613
6409845
6855650
2390962
555476
5715641
524025
8702574
2661978
3668104
5270102
5387750
2521271
7270750
2750126
6887615
1016486
8323079
1927014
6802806
3654215
4072405
6580902
5044506
8152609
3928837
9775958
5579217
2096852
7152456
1107609
9799173
4908176
8530784
721780
6957519
2041824
9325615
525587
181796
3427835
1486175
2387824
8485039
2203584
9007147
4814991
4111116
6778971
9191660
808156
2073002
3925179
7723322
892441
8330726
5890405
6380022
2153284
4466667
4069182
5062739
3243832
1531028
6812771
8254963
7537931
4599769
8222954
753730
6908859
9873194
3837710
824699
7571019
7728711
5626786
1766807
4277799
4353558
7199718
2698843
7696715
8188574
9871406
8290963
9777637
1292770
7096561
4741350
8414165
790333
9398673
280482
8310392
7634660
8443732
3091652
9427676
59801
9545104
954635
9338908
1971564
1281647
7031856
8767791
5990558
2551179
4784858
9004126
2935085
2858409
2411049
9969293
5106937
7783634
7709638
2668377
7886761
224315
6621705
31261
8958998
9971940
9709905
5338293
5696712
3837465
7352949
2788227
9464044
3727549
7463729
1762848
8855856
8203211
1593268
7381463
9982568
971476
5075363
7709367
8548103
3447826
9404003
1284341
8521459
7101377
73382
1374626
8735501
2803841
8479597
1387517
618832
5426244
9800660
3299127
6834875
1725995
1111742
4514830
640610
3629550
4001662
4164566
8038989
2937288
7054489
3790876
9069805
4708733
4626160
6821172
8664132
2718487
1635724
7827959
2931848
5373274
5951851
2875959
3615175
2062754
8624918
6073893
659610
4068074
8520533
9004609
7752756
2227781
5232280
7283625
2299256
7013128
2675843
6000751
7741374
2359887
3215650
7810867
5919394
8957447
6924259
1370739
7714520
3844790
6191559
8252051
6055166
881569
5899761
2021463
5470531
4092711
7462070
4915450
7469965
3984642
534353
6140642
9889101
2299424
2323093
2347802
7546109
3198988
6877
382832
6429788
9662253
5246481
5072744
9710709
5142473
1436727
7706437
2122440
5529113
7665320
3775585
855396
8276966
7250371
1437623
8609992
7241883
378500
5466495
7994211
8420851
2106692
6404386
5331379
8077699
155150
8022495
1475185
6798530
2547922
5001252
378549
8773153
9479788
2116334
7856729
7385020
3448890
333344
1597983
6931311
9116786
7418846
1507794
6135485
8897970
5933729
187374
2877308
455885
1975517
8628189
5895375
7941308
9370249
9769847
4066952
2831611
4996299
998218
8740330
1421484
8548793
9037706
6245273
2743717
8007800
9619345
1530120
1653912
9727340
7525222
422519
142831
9596905
6139875
9752793
2947626
768953
8101945
8024315
8410252
1353594
5358009
8743484
5098264
1141377
1195256
147784
4919368
7435939
5124631
9144360
5041018
8631039
3033182
2281942
8093122
8358
3816210
3634295
9575790
3294846
9158977
1131218
4690337
8406169
145013
7162590
1758672
9852732
5190800
984190
2681460
7930373
3726321
8898492
5851688
255289
3311776
4682480
3804764
8351425
5998429
9195816
7199545
369803
7042716
501129
8598615
7953099
915143
1505074
4021670
2139666
7746340
1567482
7373515
3916343
7337154
1960511
7377042
5135222
5013858
6390258
595649
3364946
9652423
3556633
6655836
3320173
2306235
4356165
2678169
7429383
2784379
2057880
3037928
3180649
2478556
6078679
2735939
6619431
531589
7732693
3647972
3549107
6231744
4555949
3979812
7970688
3115279
7057503
3622742
3474178
8429202
3316223
3647935
5903779
2093364
6296886
3870754
4776560
5222639
4944204
3778716
6160396
6448257
2014188
6815612
8786632
3395380
6113189
5365111
7184518
3450972
1365320
830524
3074084
7911312
9207457
533637
650840
6510313
818389
4488484
8228913
3162524
8083476
9892673
1479868
7572363
2715513
1657225
4818267
3998264
8538697
9509324
2880284
2453523
6593799
9212148
5850968
1175591
2748215
8646036
5523976
2713587
6388356
3456608
9999279
4586291
8298550
3639330
6241287
9808624
7279819
2578624
6134827
2123554
8219790
3683231
9670033
6269526
3887691
4961742
2711609
9576734
6577162
3894767
247771
2175846
198098
5404087
1403283
5581319
2901750
4677190
7349591
3303088
4748862
4158499
4182387
4181764
3578594
7690035
4547779
4783630
5093626
9902322
605026
865998
4650818
9419951
5997955
2696854
3530855
1346238
673970
5156511
9474670
8422873
